+--------------------------------------------+--------+----------+------------+--------+----------+--------+------------+----------+---------+-------------+-----------+---------+-------------+-----------+
|                    APK                     | FDT(s) | MaxM(MB) |    #PE     | #Leaks | #Results | CDT(s) | CDMaxM(MB) | #CDRDPEs | AGCT(s) | AGCMaxM(MB) | #AGCRDPEs | NGCT(s) | NGCMaxM(MB) | #NGCRDPEs |
+--------------------------------------------+--------+----------+------------+--------+----------+--------+------------+----------+---------+-------------+-----------+---------+-------------+-----------+
|          bus.chio.wishmaster_1002          |  7200  |  145808  | 707023949  |   9    |   125    |  5079  |   124938   | 2800291  |   5595  |    147470   |  1571320  |   5686  |    138183   |  1542295  |
|        com.adobe.reader_19.2.1.9183        |  601   |   4720   |  14183957  |   24   |    30    |  382   |    4701    |   7604   |   212   |     4707    |    897    |   179   |     2041    |    863    |
|        com.alfray.timeriffic_10905         |   44   |   4592   |  13645340  |   16   |    16    |   22   |    2912    |  33500   |    17   |     4508    |   24787   |    19   |     3910    |   23696   |
|           com.app.Zensuren_1.21            |   45   |   6618   |  25934964  |   9    |    36    |   40   |    6384    |  66696   |    52   |     4902    |   27794   |    51   |     7435    |   29750   |
|   com.emn8.mobilem8.nativeapp.bk_5.0.10    |  226   |   3119   |  6654121   |   29   |    45    |  152   |    2261    |  11988   |   143   |     2568    |    3167   |   131   |     2982    |    2460   |
|        com.genonbeta.TrebleShot_98         |  400   |  16114   |  63757289  |   1    |   156    |  194   |    7822    |  55586   |   188   |     6294    |   23043   |   172   |     5043    |   23223   |
|       com.github.axet.bookreader_375       |  6298  |  198082  | 1520810625 |   2    |    4     |   -1   |     -1     | 3761606  |   5823  |    140509   |  3360339  |   5633  |    132603   |  3394491  |
|    com.github.axet.callrecorder_1.6.44     |  115   |  14079   |  47354410  |   13   |    63    |  116   |   10198    |  104506  |   121   |     9452    |   27492   |   122   |    10019    |   27345   |
|      com.github.axet.callrecorder_219      |   88   |  12877   |  34421086  |   8    |    60    |   49   |    8962    |  53192   |    44   |     6823    |    6678   |    46   |     5289    |    6929   |
|  com.github.yeriomin.dumbphoneassistant_5  |   5    |   554    |  1956381   |   2    |    5     |   3    |    420     |   2374   |    4    |     874     |    1913   |    4    |     250     |    2113   |
|       com.igisw.openmoneybox.3.4.1.8       |  281   |  25698   | 109194591  |   17   |    42    |  238   |   21772    |  325497  |   204   |    16074    |   111240  |   197   |    17675    |   106701  |
|          com.ilm.sandwich_2.2.4f           |   4    |   456    |  1281638   |   10   |    13    |   4    |    404     |   2290   |    5    |     2188    |    1197   |    5    |     758     |    1201   |
|      com.kanedias.vanilla.metadata_5       |  1094  |  65534   | 247525909  |   2    |    4     |  273   |   20717    |  299316  |   243   |    14152    |   28155   |   507   |    20941    |   24070   |
| com.kunzisoft.keepass.libre_2.5.0.0beta18  |   8    |   1106   |  2920067   |   5    |    29    |   5    |    1483    |   4514   |    6    |     2319    |    1342   |    6    |     2268    |    1214   |
| com.microsoft.office.word_16.0.11425.20132 |  238   |   6136   |  16088739  |   14   |    75    |  231   |    5450    |  36765   |   207   |     3694    |    6736   |   188   |     5078    |    6774   |
|       com.vonglasow.michael.satstat        |  413   |  41689   | 217455073  |   8    |    17    |  224   |   23831    |  238882  |   227   |    19607    |   144863  |   242   |    23367    |   153268  |
|            dk.jens.backup_0.3.4            |   6    |   499    |   999395   |   4    |    5     |   5    |    1810    |   3032   |    7    |     545     |    2290   |    7    |     1994    |    1991   |
|     name.myigel.fahrplan.eh17_1.33.16      |   81   |   4274   |  12640109  |   3    |    16    |   75   |    3470    |  55748   |    86   |     6845    |   15636   |    73   |     6494    |   13835   |
|      net.ddns.mlsoftlaberge.trycorder      |   2    |   1524   |   876180   |   1    |    1     |   2    |    621     |   564    |    2    |     1215    |    358    |    3    |     800     |    516    |
|            nya.miku.wishmaster             |  3946  |  93600   | 514039128  |   5    |    22    |  5880  |   143177   | 2337552  |   1770  |    83691    |   675976  |   2023  |    83715    |   717298  |
|           nya.miku.wishmaster_54           |  1969  |  60442   | 300606937  |   5    |    22    |  7459  |   207148   | 2511936  |   1925  |    82187    |   688460  |   1963  |    79802    |   704554  |
|   opencontacts.open.com.opencontacts_12    |   2    |   603    |   108464   |   1    |    1     |   1    |    416     |   414    |    2    |     588     |    218    |    2    |     759     |    211    |
|            org.csploit.android             |   8    |   1594   |   356431   |   1    |    2     |   5    |    513     |   271    |    5    |     959     |     80    |    5    |     1021    |    110    |
|      org.decsync.sparss.floss_1.13.4       |   27   |   3243   |  7539477   |   25   |    52    |   27   |    3363    |  22430   |    34   |     3343    |    9980   |    34   |     3742    |    8380   |
|         org.fdroid.fdroid_1008000          |  3640  |  28043   |  67743980  |   25   |   130    |  1895  |   12459    |  77324   |   322   |     3302    |    5906   |   270   |     7362    |    5942   |
|       org.gateshipone.odyssey_1.1.17       |   30   |   4854   |  12048605  |   5    |    45    |   10   |    1489    |  19200   |    12   |     1284    |    3678   |    13   |     1175    |    3832   |
|         org.gateshipone.odyssey_30         |   19   |   2782   |  7801577   |   8    |    44    |   9    |    1156    |  15910   |    12   |     1639    |    3590   |    13   |     906     |    3341   |
|          org.lumicall.android_190          |  4895  |  92045   | 456651833  |   8    |    28    |  2134  |   41151    |  335344  |   2254  |    25007    |   46885   |   1966  |    18673    |   59908   |
|          org.materialos.icons_2.1          |   40   |   6080   |  22146730  |   2    |    18    |   40   |    6877    |  97814   |    34   |     4581    |   56446   |    37   |     5158    |   53461   |
|     org.openpetfoodfacts.scanner_2.9.8     |  7211  |  165139  | 733387777  |   4    |    11    |  7416  |   198827   | 7055028  |   2180  |    87918    |   992750  |   2200  |    77397    |  1027843  |
|   org.secuso.privacyfriendlytodolist_2.1   |  292   |  28751   | 161712770  |   3    |    16    |  150   |   17700    |  194216  |   145   |    11181    |   97245   |   145   |    11586    |   92721   |
|    org.secuso.privacyfriendlyweather_6     |  685   |  57685   | 268893729  |   3    |    28    |  275   |   29504    |  557834  |    20   |     2881    |    5786   |    22   |     1715    |    5544   |
|          org.totschnig.myexpenses          |  1554  |  102448  | 522088226  |   16   |   570    |  1092  |   89816    |  934104  |   134   |    12225    |   26327   |   136   |    11339    |   25848   |
+--------------------------------------------+--------+----------+------------+--------+----------+--------+------------+----------+---------+-------------+-----------+---------+-------------+-----------+
